%YAML:1.0
---
T: !!opencv-matrix
   rows: 4
   cols: 4
   dt: f
   data: [ -9.99511063e-01, -4.56976052e-03, 3.09313759e-02,
       -1.36054279e-02, -3.09624113e-02, 6.88440213e-03, -9.99496818e-01,
       -8.80507901e-02, 4.35451698e-03, -9.99965847e-01, -7.02252705e-03,
       -6.66276217e-02, 0., 0., 0., 1. ]
K: !!opencv-matrix
   rows: 3
   cols: 3
   dt: d
   data: [ 8.4170054793950294e+02, 0., 6.4173981064659085e+02, 0.,
       8.4512608037065047e+02, 5.0401936835687275e+02, 0., 0., 1. ]
D: !!opencv-matrix
   rows: 5
   cols: 1
   dt: d
   data: [ -3.4354962653984567e-01, 1.5784572990442888e-01,
       4.9644283637337078e-04, -3.0492908284006256e-04,
       -4.0322812961197232e-02 ]
