%YAML:1.0
---
T: !!opencv-matrix
   rows: 4
   cols: 4
   dt: f
   data: [ 2.47732606e-02, 1.97497313e-03, -9.99691129e-01,
       -7.71785453e-02, 9.99692798e-01, 6.87560590e-04, 2.47746594e-02,
       -3.17818150e-02, 7.36277550e-04, -9.99997795e-01, -1.95733341e-03,
       -6.53796121e-02, 0., 0., 0., 1. ]
K: !!opencv-matrix
   rows: 3
   cols: 3
   dt: d
   data: [ 8.5735049186595711e+02, 0., 6.3347016288554835e+02, 0.,
       8.6037078086480028e+02, 5.0670436715710514e+02, 0., 0., 1. ]
D: !!opencv-matrix
   rows: 5
   cols: 1
   dt: d
   data: [ -3.6140839483272569e-01, 1.8656708863272850e-01,
       -1.3088453375792996e-05, -1.1327799569497271e-03,
       -4.6666922310510450e-02 ]
