%YAML:1.0
---
T: !!opencv-matrix
   rows: 4
   cols: 4
   dt: f
   data: [ -1.65122224e-03, 2.74442825e-02, 9.99621987e-01,
       9.01096314e-02, -9.99992728e-01, 3.39279417e-03, -1.74498267e-03,
       9.89779085e-03, -3.43940151e-03, -9.99617577e-01, 2.74384804e-02,
       -9.13787484e-02, 0., 0., 0., 1. ]
K: !!opencv-matrix
   rows: 3
   cols: 3
   dt: d
   data: [ 8.5098585781230327e+02, 0., 6.1915584267372321e+02, 0.,
       8.5446502295051494e+02, 5.2831558547157010e+02, 0., 0., 1. ]
D: !!opencv-matrix
   rows: 5
   cols: 1
   dt: d
   data: [ -3.4835710411570098e-01, 1.7051173771525538e-01,
       -2.0497247354169052e-04, -3.4623109162498642e-04,
       -4.8379131054470524e-02 ]
