%YAML:1.0
---
T: !!opencv-matrix
   rows: 4
   cols: 4
   dt: f
   data: [ 9.99987960e-01, 3.71822272e-03, -3.21010733e-03,
       -6.00659661e-03, 3.08838557e-03, 3.22922021e-02, 9.99473691e-01,
       8.52967948e-02, 3.81992734e-03, -9.99471545e-01, 3.22803296e-02,
       -9.63391885e-02, 0., 0., 0., 1. ]
K: !!opencv-matrix
   rows: 3
   cols: 3
   dt: d
   data: [ 8.5005476002035448e+02, 0., 6.3208293689304844e+02, 0.,
       8.5292032938039631e+02, 5.0530965196342913e+02, 0., 0., 1. ]
D: !!opencv-matrix
   rows: 5
   cols: 1
   dt: d
   data: [ -3.4931411412623276e-01, 1.7742533905559466e-01,
       3.0770427852715892e-04, 1.1773722409090434e-05,
       -5.4842422598093882e-02 ]
